2131,2
2131,1
2131,3
2135,104
2135,194
2135,158
2135,12
2135,126
2135,186
2135,208
2132,6
2132,4
2132,2
2132,3
2134,12
2134,14
2134,15
2134,16
2134,18
2134,9
2121,2
2121,1
2121,3
2120,2
2120,1
2120,3
2572,5
2572,4
2572,3
2572,2
2572,1
2572,0
2571,4
2571,3
2571,2
2571,1
2571,0
2570,6
2570,5
2570,4
2570,3
2570,2
2570,1
2570,0
2569,4
2569,3
2569,2
2569,1
2569,0
2568,6
2568,5
2568,4
2568,3
2568,2
2568,1
2568,0
2567,7
2567,6
2567,5
2567,4
2567,3
2567,2
2567,1
2567,0
2566,3
2566,2
2566,1
2566,0
2565,5
2565,4
2565,3
2565,2
2565,1
2565,0
2138,15
2138,14
2138,13
2138,12
2138,11
2138,10
2138,9
2138,3
2138,2
2138,1
2138,0
2137,5
2137,3
2137,1
2136,29
2136,28
2136,27
2136,26
2136,25
2136,24
2136,23
2136,22
2136,21
2136,20
2136,19
2136,18
2136,17
2136,16
2136,15
2136,14
2136,13
2136,12
2136,11
2136,10
2136,9
2136,8
2136,7
2136,6
2136,4
2136,3
2136,2
2136,1
2135,312
2135,298
2135,293
2135,292
2135,280
2135,274
2135,268
2135,265
2135,264
